1;;0
3;;1
5;;-1
7;;1
8;;0
10;;0
11;;-1
14;;0
15;;0
16;;1
17;;-1
18;;-1
19;;-1
20;;-1
22;;0
23;;0
24;;-1
26;;1
27;;0
28;;0
29;;1
30;;1
32;;-1
33;;-1
34;;-1
35;;0
36;;0
37;;0
38;;0
39;;0
40;;0
41;;0
42;;-1
43;;1
44;;0
45;;1
46;;-1
47;;-1
48;;0
52;;-1
53;;-1
54;;-1
55;;-1
58;;-1
59;;-1
60;;0
61;;0
63;;-1
64;;0
65;;0
66;;-1
67;;0
68;;1
69;;0
70;;-1
71;;-1
72;;1
73;;0
74;;-1
75;;1
77;;1
78;;-1
79;;0
80;;1
81;;0
82;;-1
83;;0
84;;1
85;;0
87;;0
88;;-1
89;;0
90;;-1
91;;0
92;;-1
93;;0
95;;1
96;;0
97;;-1
98;;-1
99;;0
100;;-1
101;;1
102;;0
103;;-1
104;;0
105;;0
107;;1
108;;1
109;;-1
110;;0
111;;-1
112;;0
113;;0
114;;0
115;;-1
116;;-1
117;;-1
118;;0
120;;1
121;;0
122;;1
123;;1
124;;-1
125;;0
127;;-1
128;;-1
130;;1
131;;1
132;;0
134;;1
135;;-1
136;;-1
137;;-1
138;;0
139;;-1
140;;0
141;;1
142;;0
143;;1
144;;0
145;;0
146;;0
147;;-1
148;;1
150;;0
151;;-1
153;;-1
154;;0
155;;0
156;;-1
157;;-1
158;;-1
159;;-1
160;;-1
161;;0
162;;-1
163;;0
164;;-1
165;;1
166;;1
167;;0
168;;1
169;;-1
170;;-1
171;;0
172;;0
173;;0
174;;-1
175;;0
176;;0
178;;-1
179;;0
180;;0
181;;0
182;;-1
183;;-1
184;;0
185;;0
187;;-1
188;;-1
191;;1
192;;0
193;;-1
194;;0
195;;-1
196;;0
197;;1
198;;-1
200;;0
201;;-1
202;;-1
203;;0
204;;0
205;;1
207;;-1
208;;0
209;;-1
210;;0
211;;-1
212;;0
213;;-1
214;;-1
215;;0
216;;0
217;;0
218;;1
219;;-1
220;;0
221;;0
222;;-1
223;;-1
224;;-1
225;;-1
226;;0
227;;-1
228;;0
230;;1
231;;0
232;;0
233;;-1
234;;-1
235;;0
236;;-1
238;;-1
239;;-1
240;;-1
241;;0
242;;-1
243;;0
244;;0
245;;-1
246;;0
247;;-1
250;;0
254;;-1
255;;-1
256;;-1
257;;1
258;;-1
259;;-1
260;;-1
261;;0
262;;-1
264;;1
265;;1
266;;-1
268;;1
269;;-1
270;;1
271;;1
272;;1
273;;0
274;;-1
275;;-1
276;;1
278;;-1
279;;0
280;;-1
281;;-1
282;;0
283;;0
284;;0
285;;0
286;;0
288;;-1
289;;1
290;;0
291;;1
293;;-1
295;;-1
296;;1
297;;-1
298;;-1
299;;0
301;;0
302;;0
304;;0
305;;-1
306;;-1
307;;0
308;;-1
309;;-1
310;;0
311;;-1
312;;0
313;;0
314;;1
315;;-1
316;;-1
317;;0
318;;-1
320;;0
321;;-1
322;;0
323;;0
324;;-1
325;;0
326;;1
328;;-1
329;;-1
330;;-1
331;;-1
332;;0
333;;-1
334;;-1
335;;-1
336;;-1
337;;-1
338;;-1
339;;0
340;;0
341;;-1
342;;-1
344;;-1
345;;0
347;;-1
348;;1
350;;-1
351;;-1
352;;-1
353;;0
354;;1
355;;0
356;;-1
357;;-1
358;;-1
359;;0
360;;-1
361;;0
362;;-1
363;;0
364;;-1
365;;-1
366;;0
367;;0
368;;1
369;;-1
370;;0
372;;-1
373;;0
374;;-1
375;;-1
377;;-1
379;;-1
380;;0
381;;-1
382;;-1
383;;-1
384;;-1
385;;0
386;;-1
387;;-1
389;;-1
390;;1
392;;1
393;;-1
394;;0
395;;1
396;;-1
398;;1
399;;-1
400;;-1
401;;-1
402;;0
403;;-1
404;;0
405;;0
407;;0
408;;0
410;;0
411;;0
412;;0
413;;-1
414;;0
415;;0
416;;0
417;;0
418;;1
419;;0
420;;-1
421;;-1
422;;-1
423;;1
424;;1
425;;0
426;;0
428;;0
429;;1
430;;-1
431;;-1
433;;-1
434;;-1
436;;1
437;;1
438;;-1
439;;-1
440;;-1
441;;-1
442;;-1
443;;1
444;;-1
445;;0
446;;1
447;;0
448;;-1
450;;1
451;;-1
454;;1
455;;-1
456;;-1
458;;-1
459;;1
461;;1
462;;-1
464;;0
465;;-1
467;;1
469;;-1
470;;-1
471;;-1
472;;-1
473;;0
474;;-1
475;;-1
477;;-1
478;;1
479;;1
480;;-1
481;;-1
482;;-1
483;;-1
484;;-1
485;;1
486;;1
487;;-1
488;;-1
489;;-1
490;;1
494;;1
495;;1
497;;0
498;;-1
499;;1
500;;-1
501;;1
502;;1
504;;1
505;;0
506;;1
507;;-1
508;;1
510;;-1
512;;1
514;;1
516;;-1
518;;1
520;;-1
521;;1
522;;1
524;;1
526;;0
528;;-1
529;;1
530;;-1
531;;-1
532;;-1
533;;-1
534;;-1
535;;-1
538;;1
539;;0
540;;-1
541;;-1
542;;-1
543;;-1
544;;-1
545;;-1
547;;-1
548;;-1
549;;1
551;;-1
552;;-1
553;;1
556;;-1
557;;1
558;;-1
559;;1
560;;-1
561;;-1
562;;-1
563;;0
564;;1
566;;0
567;;-1
568;;-1
569;;-1
570;;0
572;;1
573;;0
574;;-1
575;;-1
576;;1
577;;1
582;;1
583;;1
585;;1
586;;1
587;;-1
590;;-1
591;;1
592;;-1
594;;-1
595;;1
596;;-1
597;;-1
598;;1
599;;-1
602;;0
603;;0
604;;0
606;;1
607;;-1
608;;0
609;;-1
611;;-1
613;;1
614;;-1
615;;0
616;;-1
617;;0
618;;-1
619;;-1
620;;0
621;;0
622;;-1
624;;1
625;;-1
626;;-1
627;;0
629;;-1
631;;-1
632;;-1
633;;-1
635;;-1
636;;0
637;;-1
638;;0
639;;1
642;;1
643;;-1
646;;-1
647;;-1
648;;-1
649;;0
653;;-1
654;;1
655;;-1
656;;-1
658;;0
659;;1
660;;1
661;;1
662;;-1
663;;0
664;;-1
665;;-1
666;;1
667;;1
668;;0
669;;-1
671;;-1
672;;1
673;;0
675;;0
676;;-1
678;;1
681;;0
682;;-1
683;;0
684;;-1
688;;-1
689;;-1
690;;1
691;;-1
692;;-1
694;;1
695;;1
696;;1
697;;1
700;;-1
701;;-1
702;;0
703;;0
705;;-1
707;;1
709;;0
712;;0
713;;1
714;;-1
715;;-1
719;;1
720;;1
721;;-1
722;;-1
723;;-1
724;;1
726;;0
728;;-1
729;;-1
731;;1
732;;0
735;;-1
736;;0
737;;-1
738;;-1
739;;1
741;;0
742;;1
743;;-1
744;;-1
745;;1
746;;1
747;;1
748;;1
750;;-1
754;;-1
755;;-1
756;;0
759;;0
763;;-1
764;;1
766;;1
768;;-1
771;;0
772;;-1
773;;0
774;;1
776;;1
777;;-1
778;;0
779;;-1
780;;1
781;;1
782;;0
783;;-1
785;;1
786;;0
787;;0
789;;0
791;;0
792;;1
793;;-1
794;;-1
795;;-1
797;;-1
798;;-1
799;;-1
800;;1
801;;0
802;;1
803;;-1
805;;0
806;;0
807;;1
808;;-1
809;;1
810;;0
811;;-1
813;;-1
814;;-1
819;;0
820;;-1
821;;-1
822;;-1
823;;-1
824;;-1
825;;1
826;;-1
828;;1
829;;0
831;;0
832;;-1
837;;1
838;;-1
839;;-1
840;;-1
841;;1
842;;-1
843;;-1
844;;-1
847;;-1
848;;-1
849;;-1
851;;-1
852;;-1
853;;1
854;;0
855;;1
858;;1
859;;1
860;;-1
861;;-1
862;;-1
864;;1
867;;0
868;;1
869;;-1
870;;0
871;;1
872;;1
873;;0
874;;0
876;;1
877;;0
878;;-1
882;;0
883;;1
884;;1
885;;-1
886;;1
887;;0
888;;1
889;;1
890;;-1
891;;1
895;;0
897;;1
898;;1
899;;1
900;;-1
901;;-1
902;;-1
903;;1
904;;1
905;;-1
906;;-1
907;;-1
908;;0
909;;1
910;;-1
912;;0
913;;0
914;;0
915;;-1
920;;0
922;;0
923;;0
925;;-1
929;;0
931;;0
932;;0
934;;0
935;;-1
937;;-1
938;;1
939;;1
940;;-1
941;;-1
942;;0
943;;-1
944;;0
946;;0
947;;0
948;;1
949;;1
950;;1
951;;-1
952;;0
953;;1
954;;-1
955;;-1
956;;0
957;;-1
959;;1
960;;-1
961;;-1
962;;0
963;;-1
964;;-1
965;;1
966;;0
967;;0
968;;1
969;;-1
970;;0
971;;0
972;;-1
973;;-1
975;;1
976;;-1
977;;0
978;;-1
979;;-1
980;;0
982;;0
983;;-1
985;;0
986;;1
987;;-1
988;;1
990;;-1
991;;-1
994;;1
995;;0
998;;-1
999;;0
1001;;1
1002;;-1
1003;;-1
1008;;-1
1010;;1
1011;;-1
1012;;-1
1017;;0
1018;;1
1023;;-1
1024;;-1
1025;;-1
1026;;1
1027;;0
1028;;0
1030;;1
1031;;0
1032;;0
1033;;0
1034;;0
1035;;-1
1036;;-1
1039;;0
1040;;-1
1041;;1
1042;;1
1044;;1
1045;;1
1047;;0
1048;;-1
1049;;0
1052;;-1
1054;;0
1055;;-1
1056;;0
1058;;-1
1059;;-1
1061;;-1
1062;;0
1063;;-1
1064;;0
1065;;-1
1066;;0
1067;;0
1068;;-1
1069;;-1
1073;;1
1074;;-1
1076;;0
1077;;0
1078;;1
1079;;1
1080;;-1
1081;;0
1082;;1
1083;;-1
1086;;0
1087;;-1
1088;;1
1091;;-1
1094;;-1
1095;;1
1097;;-1
1098;;-1
1100;;-1
1103;;0
1104;;-1
1107;;0
1108;;-1
1110;;-1
1111;;0
1112;;1
1114;;0
1115;;-1
1116;;-1
1117;;-1
1119;;-1
1124;;-1
1127;;1
1128;;0
1129;;-1
1132;;-1
1134;;-1
1136;;1
1137;;-1
1138;;-1
1144;;-1
1145;;-1
1147;;-1
1148;;-1
1149;;-1
1150;;1
1151;;1
1152;;-1
1153;;-1
1154;;1
1155;;1
1156;;-1
1157;;1
1158;;-1
1159;;1
1160;;-1
1162;;-1
1163;;1
1164;;-1
1165;;-1
1166;;1
1167;;0
1168;;0
1169;;1
1170;;-1
1171;;-1
1172;;-1
1174;;1
1175;;1
1176;;1
1177;;1
1178;;1
1179;;1
1180;;1
1181;;1
1182;;-1
1183;;0
1184;;-1
1185;;-1
1187;;-1
1188;;-1
1189;;0
1190;;0
1191;;1
1192;;-1
1193;;0
1194;;1
1195;;-1
1196;;1
1198;;1
1199;;-1
1201;;-1
1202;;0
1203;;1
1204;;-1
1205;;-1
1206;;-1
1207;;1
1208;;1
1209;;0
1211;;-1
1212;;-1
1213;;-1
1214;;-1
1215;;1
1216;;-1
1217;;1
1218;;1
1219;;1
1220;;-1
1221;;0
1222;;0
1225;;0
1226;;-1
1227;;-1
1228;;-1
1229;;-1
1230;;-1
1231;;0
1232;;-1
1233;;0
1234;;0
1235;;-1
1236;;-1
1237;;-1
1239;;-1
1240;;1
1241;;0
1242;;-1
1243;;-1
1244;;1
1245;;-1
1246;;1
1247;;0
1248;;0
1249;;0
1250;;0
1252;;0
1253;;-1
1254;;0
1255;;-1
1256;;-1
1257;;0
1258;;-1
1259;;-1
1260;;-1
1261;;0
1263;;-1
1264;;-1
1265;;-1
1266;;0
1267;;1
1268;;-1
1269;;-1
1270;;0
1271;;0
1272;;-1
1273;;-1
1274;;0
1275;;-1
1276;;-1
1277;;-1
1278;;1
1280;;0
1281;;-1
1282;;1
1283;;0
1284;;-1
1285;;1
1286;;1
1287;;-1
1288;;-1
1289;;0
1290;;-1
1291;;-1
1292;;1
1293;;-1
1294;;0
1295;;0
1296;;-1
1297;;-1
1298;;1
1299;;0
1301;;1
1303;;0
1304;;0
1305;;-1
1306;;-1
1307;;0
1308;;0
1309;;-1
1310;;-1
1312;;0
1313;;0
1314;;1
1315;;0
1316;;-1
1318;;0
1319;;-1
1320;;0
1322;;-1
1324;;-1
1325;;-1
1326;;-1
1328;;-1
1329;;-1
1330;;0
1331;;1
1333;;-1
1334;;0
1335;;-1
1336;;0
1337;;0
1339;;1
1340;;1
1341;;-1
1342;;0
1343;;1
1344;;1
1345;;-1
1346;;-1
1347;;1
1348;;-1
1349;;-1
1350;;-1
1351;;-1
1352;;-1
1354;;-1
1355;;0
1358;;-1
1359;;0
1360;;-1
1361;;1
1362;;0
1364;;-1
1365;;1
1366;;-1
1367;;1
1369;;-1
1370;;1
1371;;1
1372;;-1
1373;;-1
1374;;0
1375;;1
1376;;0
1377;;1
1378;;-1
1379;;-1
1380;;1
1381;;1
1382;;-1
1383;;-1
1384;;0
1385;;0
1386;;1
1387;;-1
1389;;0
1390;;1
1391;;-1
1392;;1
1393;;1
1394;;1
1395;;-1
1396;;-1
1397;;-1
1398;;0
1399;;1
1400;;-1
1403;;-1
1404;;-1
1405;;-1
1408;;-1
1409;;-1
1410;;-1
1411;;-1
1412;;0
1413;;-1
1414;;0
1416;;0
1418;;1
1419;;1
1421;;-1
1422;;0
1423;;1
1424;;1
1425;;1
1426;;1
1427;;-1
1428;;-1
1429;;-1
1430;;1
1431;;1
1432;;-1
1433;;-1
1434;;-1
1435;;0
1437;;-1
1438;;0
1439;;-1
1440;;1
1441;;0
1442;;-1
1443;;-1
1444;;1
1445;;0
1446;;-1
1447;;1
1448;;1
1449;;1
1450;;-1
1452;;-1
1453;;-1
1454;;-1
1456;;-1
1457;;0
1458;;1
1459;;0
1460;;1
1461;;1
1462;;1
1463;;-1
1464;;1
1465;;-1
1466;;0
1468;;0
1469;;0
1471;;-1
1472;;-1
1473;;-1
1474;;1
1475;;-1
1476;;1
1477;;-1
1478;;0
1479;;1
1480;;-1
1481;;1
1482;;1
1483;;-1
1484;;-1
1485;;-1
1488;;0
1489;;-1
1490;;-1
1491;;0
1492;;1
1493;;-1
1494;;1
1495;;-1
1497;;1
1498;;-1
1499;;0
1500;;-1
1501;;-1
1502;;0
1503;;1
1504;;-1
1505;;1
1507;;-1
1508;;-1
1509;;-1
1510;;-1
1512;;-1
1513;;-1
1514;;-1
1515;;-1
1516;;-1
1518;;0
1519;;0
1520;;-1
1521;;1
1522;;0
1523;;-1
1524;;-1
1525;;-1
1526;;-1
1527;;-1
1529;;-1
1530;;-1
1531;;0
1532;;-1
1533;;0
1534;;1
1535;;0
1536;;-1
1537;;-1
1539;;-1
1540;;1
1541;;1
1542;;-1
1543;;0
1544;;-1
1546;;-1
1547;;1
1548;;-1
1549;;0
1550;;-1
1551;;0
1552;;0
1553;;-1
1554;;0
1555;;-1
1556;;0
1557;;-1
1558;;0
1560;;0
1561;;1
1562;;0
1563;;-1
1564;;-1
1565;;-1
1566;;-1
1567;;0
1568;;0
1569;;-1
1570;;0
1571;;1
1572;;1
1573;;0
1574;;-1
1575;;-1
1577;;-1
1578;;-1
1579;;0
1580;;1
1581;;0
1582;;-1
1583;;-1
1585;;-1
1586;;1
1587;;-1
1588;;0
1589;;0
1590;;0
1591;;0
1592;;-1
1593;;-1
1595;;-1
1596;;-1
1598;;-1
1599;;-1
1600;;-1
1601;;0
1602;;0
1603;;-1
1604;;0
1605;;-1
1606;;1
1608;;1
1609;;-1
1610;;-1
1611;;0
1612;;-1
1613;;-1
1614;;-1
1615;;-1
1616;;1
1617;;1
1619;;0
1621;;0
1622;;-1
1623;;0
1624;;-1
1625;;-1
1626;;1
1627;;0
1628;;0
1629;;-1
1631;;-1
1632;;0
1633;;-1
1634;;-1
1635;;0
1636;;0
1637;;0
1638;;-1
1639;;-1
1640;;1
1642;;1
1643;;-1
1644;;-1
1645;;-1
1646;;-1
1647;;1
1650;;-1
1651;;-1
1652;;0
1653;;-1
1654;;0
1655;;-1
1656;;0
1657;;0
1658;;0
1659;;1
1661;;1
1662;;-1
1663;;1
1664;;1
1665;;0
1666;;1
1667;;0
1668;;-1
1669;;-1
1670;;-1
1671;;-1
1673;;-1
1674;;-1
1675;;1
1676;;-1
1677;;-1
1678;;1
1680;;-1
1681;;-1
1683;;0
1684;;1
1685;;-1
1687;;0
1688;;-1
1689;;-1
1690;;-1
1691;;1
1692;;0
1693;;1
1694;;-1
1695;;-1
1696;;0
1697;;-1
1698;;0
1699;;-1
1700;;-1
1701;;1
1702;;-1
1703;;-1
1704;;-1
1706;;-1
1707;;-1
1708;;-1
1709;;-1
1711;;-1
1713;;0
1714;;-1
1715;;-1
1716;;-1
1717;;0
1718;;1
1719;;0
1720;;0
1721;;-1
1722;;1
1723;;-1
1724;;-1
1725;;0
1726;;1
1727;;-1
1728;;-1
1729;;0
1730;;1
1731;;-1
1732;;-1
1733;;-1
1734;;-1
1735;;-1
1736;;-1
1737;;-1
1740;;-1
1741;;1
1742;;-1
1744;;0
1745;;1
1746;;-1
1747;;1
1748;;1
1750;;-1
1751;;-1
1752;;1
1753;;-1
1754;;1
1755;;-1
1756;;1
1758;;-1
1759;;0
1760;;0
1761;;1
1762;;0
1763;;-1
1764;;1
1765;;-1
1766;;0
1767;;-1
1768;;-1
1769;;-1
1770;;1
1771;;0
1772;;1
1773;;1
1774;;0
1775;;-1
1776;;1
1777;;1
1778;;0
1779;;1
1781;;-1
1782;;-1
1783;;-1
1784;;-1
1785;;-1
1787;;-1
1788;;-1
1789;;-1
1791;;-1
1793;;1
1794;;1
1795;;-1
1796;;0
1797;;-1
1798;;1
1799;;0
1800;;-1
1802;;1
1803;;0
1804;;0
1805;;0
1806;;0
1807;;-1
1808;;-1
1809;;0
1810;;1
1812;;1
1813;;1
1814;;1
1815;;0
1816;;0
1817;;1
1818;;-1
1819;;1
1820;;-1
1821;;0
1822;;-1
1823;;0
1825;;1
1826;;-1
1827;;0
1829;;0
1831;;0
1833;;1
1834;;1
1836;;1
1837;;0
1838;;1
1840;;-1
1843;;-1
1844;;0
1846;;1
1847;;0
1848;;0
1849;;-1
1851;;1
1852;;0
1853;;0
1855;;0
1858;;-1
1859;;1
1860;;1
1861;;0
1862;;0
1865;;0
1869;;1
1871;;1
1872;;1
1873;;0
1876;;1
1877;;-1
1878;;0
1879;;-1
1880;;-1
1881;;0
1882;;0
1883;;0
1884;;-1
1885;;0
1888;;-1
1890;;-1
1892;;-1
1894;;0
1895;;1
1897;;0
1898;;1
1899;;-1
1900;;1
1901;;-1
1902;;1
1903;;-1
1905;;0
1906;;0
1907;;-1
1908;;1
1910;;0
1911;;-1
1912;;0
1913;;-1
1915;;1
1916;;-1
1917;;-1
1919;;0
1921;;0
1923;;-1
1924;;1
1925;;1
1926;;1
1927;;-1
1928;;0
1929;;1
1931;;1
1932;;1
1933;;0
1934;;0
1936;;1
1939;;1
1941;;1
1942;;1
1944;;1
1945;;0
1947;;-1
1948;;1
1949;;1
1951;;1
1953;;1
1954;;-1
1955;;1
1958;;0
1959;;0
1960;;1
1961;;0
1963;;1
1966;;1
1968;;1
1970;;1
1971;;1
1972;;0
1974;;1
1975;;-1
1976;;-1
1978;;1
1979;;1
1982;;1
1984;;1
1986;;-1
1987;;1
1988;;1
1989;;-1
1990;;1
1992;;1
1993;;1
1994;;-1
1995;;1
1998;;0
1999;;1
2002;;1
2005;;1
2006;;1
2008;;1
2009;;0
2010;;0
2011;;1
2012;;1
2013;;-1
2014;;0
2019;;1
2020;;1
2022;;1
2024;;-1
2025;;1
2026;;1
2029;;1
2030;;-1
2031;;1
2032;;1
2033;;1
2034;;-1
2035;;1
2036;;1
2037;;-1
2038;;1
2042;;0
2043;;1
2044;;1
2048;;1
2051;;1
2052;;0
2053;;1
2055;;1
2056;;1
2057;;-1
2060;;1
2061;;1
2062;;1
2063;;0
2065;;-1
2066;;-1
2067;;-1
2068;;1
2069;;1
2071;;-1
2072;;1
2073;;1
2075;;-1
2076;;1
2079;;1
2081;;1
2082;;1
2083;;1
2084;;-1
2085;;1
2086;;-1
2087;;1
2089;;0
2090;;1
2091;;1
2092;;1
2095;;1
2101;;1
2102;;1
2103;;0
2104;;-1
2105;;0
2109;;1
2111;;-1
2114;;1
2116;;0
2117;;-1
2120;;-1
2122;;1
2124;;1
2125;;-1
2128;;0
2130;;1
2131;;0
2132;;0
2133;;0
2134;;-1
2135;;1
2137;;1
2138;;1
2139;;-1
2140;;1
2141;;-1
2144;;-1
2145;;0
2146;;0
2147;;1
2148;;1
2151;;-1
2155;;1
2156;;1
2158;;1
2159;;1
2160;;1
2163;;1
2165;;1
2166;;1
2169;;-1
2170;;-1
2175;;0
2176;;1
2180;;-1
2183;;1
2184;;1
2185;;1
2186;;1
2189;;1
2192;;-1
2194;;1
2195;;0
2197;;1
2200;;-1
2201;;-1
2202;;0
2203;;1
2205;;0
2207;;1
2208;;1
2209;;1
2210;;-1
2212;;0
2213;;1
2214;;-1
2215;;1
2216;;-1
2217;;0
2218;;-1
2219;;-1
2224;;1
2226;;1
2227;;-1
2228;;1
2229;;1
2230;;1
2231;;1
2232;;1
2233;;0
2235;;-1
2236;;-1
2237;;-1
2238;;-1
2240;;1
2241;;1
2244;;1
2248;;1
2250;;1
2253;;1
2255;;-1
2256;;1
2257;;-1
2258;;1
2260;;1
2261;;1
2262;;0
2265;;1
2267;;0
2268;;1
2269;;1
2270;;1
2272;;1
2273;;0
2274;;1
2279;;1
2280;;1
2281;;-1
2282;;0
2283;;1
2284;;-1
2286;;1
2288;;1
2289;;1
2292;;1
2293;;-1
2294;;1
2296;;1
2297;;1
2298;;-1
2300;;1
2301;;-1
2303;;1
2304;;0
2305;;1
2307;;1
2308;;1
2311;;1
2313;;-1
2317;;1
2323;;0
2326;;1
2328;;1
2329;;1
2334;;0
2335;;1
2336;;1
2338;;-1
2339;;-1
2340;;1
2341;;-1
2342;;1
2344;;1
2345;;-1
2348;;0
2350;;1
2351;;1
2352;;1
2354;;-1
2356;;1
2357;;1
2358;;0
2362;;0
2363;;-1
2364;;-1
2365;;1
2366;;1
2367;;-1
2368;;-1
2374;;0
2375;;-1
2378;;-1
2379;;1
2380;;1
2382;;-1
2383;;1
2384;;0
2385;;-1
2389;;-1
2393;;1
2394;;-1
2395;;1
2396;;0
2397;;1
2399;;1
2400;;1
2401;;0
2402;;0
2403;;0
2404;;1
2405;;0
2406;;0
2407;;-1
2408;;0
2409;;0
2410;;1
2411;;0
2413;;0
2414;;1
2415;;-1
2416;;-1
2417;;0
2418;;0
2419;;-1
2420;;-1
2421;;0
2422;;0
2423;;0
2424;;1
2425;;0
2426;;0
2427;;0
2428;;0
2429;;0
2430;;-1
2431;;0
2432;;-1
2433;;0
2434;;0
2435;;0
2436;;0
2437;;0
2438;;1
2439;;0
2440;;1
2441;;0
2442;;0
2443;;0
2444;;-1
2445;;0
2446;;1
2447;;0
2448;;0
2449;;1
2450;;0
2451;;0
2452;;1
2453;;-1
2454;;-1
2455;;0
2456;;0
2457;;0
2458;;0
2459;;-1
2460;;-1
2461;;0
2462;;0
2463;;-1
2464;;-1
2465;;0
2466;;1
2467;;0
2468;;0
2469;;1
2470;;0
2471;;0
2472;;-1
2473;;0
2474;;0
2475;;0
2476;;1
2477;;0
2478;;0
2479;;-1
2480;;0
2481;;0
2482;;-1
2483;;0
2484;;0
2485;;-1
2486;;-1
2487;;0
2488;;1
2489;;0
2490;;0
2491;;0
2492;;1
2493;;-1
2494;;0
2495;;0
2496;;-1
2497;;-1
2498;;0
2499;;-1
2500;;0
2501;;0
2502;;0
2503;;-1
2504;;-1
2505;;-1
2506;;0
2507;;0
2508;;0
2509;;0
2510;;0
2512;;0
2513;;-1
2514;;-1
2515;;0
2516;;1
2517;;0
2518;;0
2519;;1
2520;;0
2521;;1
2522;;0
2523;;1
2524;;0
2525;;0
2526;;-1
2527;;0
2529;;-1
2530;;0
2531;;-1
2532;;-1
2533;;-1
2534;;0
2535;;0
2536;;0
2537;;0
2538;;0
2539;;1
2540;;-1
2541;;-1
2542;;0
2543;;0
2544;;1
2545;;1
2546;;0
2547;;0
2548;;0
2549;;1
2550;;0
2551;;0
2552;;0
2553;;-1
2554;;1
2555;;0
2556;;0
2557;;0
2558;;0
2559;;-1
2560;;0
2561;;-1
2562;;-1
2563;;0
2564;;0
2565;;1
2566;;0
2567;;0
2568;;1
2569;;0
2570;;0
2571;;-1
2572;;0
2573;;-1
2574;;1
2575;;0
2576;;0
2577;;0
2578;;0
2579;;0
2580;;0
2581;;-1
2582;;0
2583;;1
2584;;0
2585;;0
2586;;1
2587;;0
2588;;0
2589;;-1
2590;;0
2591;;1
2592;;0
2593;;0
2594;;0
2595;;0
2596;;1
2597;;0
2598;;0
2599;;-1
2600;;0
2601;;0
2602;;-1
2603;;0
2604;;0
2605;;0
2606;;0
2607;;1
2608;;1
2609;;-1
2610;;0
2611;;-1
2612;;0
2613;;0
2614;;1
2615;;0
2616;;0
2617;;0
2618;;1
2619;;0
2620;;0
2621;;0
2622;;0
2623;;0
2624;;0
2625;;-1
2626;;-1
2628;;0
2629;;0
2630;;-1
2631;;0
2632;;0
2633;;0
2634;;-1
2635;;0
2636;;0
2637;;0
2638;;0
2639;;0
2640;;0
2641;;0
2642;;0
2643;;1
2644;;-1
2645;;-1
2646;;0
2647;;0
2648;;0
2649;;0
2650;;0
2651;;1
2652;;0
2653;;0
2654;;0
2655;;0
2656;;-1
2657;;-1
2658;;0
2659;;0
2660;;-1
2661;;-1
2662;;-1
2663;;0
2664;;0
2665;;0
2667;;0
2668;;0
2669;;0
2670;;0
2671;;0
2672;;0
2673;;0
2674;;0
2675;;1
2676;;0
2677;;-1
2678;;0
2679;;-1
2680;;0
2681;;0
2682;;0
2683;;0
2684;;0
2685;;0
2686;;0
2687;;0
2688;;0
2689;;0
2690;;1
2691;;0
2692;;0
2693;;0
2694;;0
2695;;0
2696;;0
2697;;0
2698;;0
2699;;0
2700;;0
2701;;-1
2702;;0
2703;;0
2704;;0
2705;;0
2706;;0
2707;;0
2708;;0
2709;;0
2710;;1
2711;;0
2712;;0
2713;;0
2715;;0
2716;;0
2717;;-1
2718;;0
2719;;0
2720;;0
2721;;1
2722;;0
2723;;0
2724;;0
2725;;-1
2726;;1
2727;;0
2728;;1
2729;;0
2730;;0
2731;;0
2732;;0
2733;;0
2734;;0
2735;;0
2736;;-1
2737;;-1
2738;;0
2739;;0
2740;;0
2741;;0
2742;;1
2743;;0
2744;;0
2745;;1
2746;;0
2748;;0
2749;;0
2750;;-1
2751;;0
2752;;0
2753;;-1
2754;;0
2755;;0
2756;;0
2757;;0
2758;;0
2759;;-1
2760;;0
2761;;0
2762;;0
2763;;-1
2764;;0
2765;;0
2766;;0
2767;;0
2768;;0
2769;;0
2770;;-1
2771;;0
2772;;0
2773;;-1
2774;;1
2775;;-1
2776;;1
2777;;-1
2778;;0
2779;;0
2780;;-1
2781;;0
2782;;1
2783;;0
2784;;-1
2785;;0
2786;;0
2787;;0
2788;;1
2789;;1
2790;;0
2791;;1
2792;;0
2793;;0
2794;;0
2795;;0
2796;;1
2797;;0
2798;;0
2799;;0
2800;;1
2801;;0
2802;;0
2803;;0
2804;;0
2805;;0
2806;;0
2807;;0
2808;;0
2809;;0
2810;;0
2811;;-1
2812;;-1
2813;;0
2814;;0
2815;;0
2816;;0
2817;;-1
2818;;-1
2819;;0
2820;;0
2821;;0
2822;;0
2823;;-1
2824;;0
2825;;0
2826;;0
2827;;0
2828;;1
2829;;-1
2830;;1
2831;;0
2832;;0
2833;;0
2834;;1
2835;;1
2836;;0
2837;;0
2838;;-1
2839;;0
2840;;0
2841;;-1
2842;;-1
2843;;0
2844;;1
2845;;-1
2846;;0
2847;;0
2848;;0
2849;;-1
2850;;0
2851;;1
2852;;0
2853;;-1
2854;;-1
2855;;0
2856;;0
2857;;0
2858;;-1
2859;;0
2860;;1
2861;;0
2862;;0
2863;;0
2864;;0
2865;;0
2866;;0
2867;;0
2868;;0
2869;;0
2870;;-1
2871;;-1
2872;;1
2873;;1
2874;;-1
2875;;1
2876;;1
2877;;0
2878;;0
2879;;0
2880;;0
2881;;0
2882;;-1
2883;;1
2884;;0
2885;;0
2886;;0
2887;;0
2888;;1
2889;;-1
2890;;-1
2891;;0
2892;;0
2893;;0
2894;;1
2895;;0
2896;;0
2897;;0
2898;;0
2899;;1
2900;;0
2901;;0
2902;;0
2903;;0
2904;;0
2905;;-1
2906;;-1
2907;;0
2908;;0
2909;;0
2910;;0
2911;;-1
2912;;0
2913;;0
2914;;0
2915;;-1
2916;;1
2917;;1
2918;;-1
2919;;0
2920;;-1
2921;;0
2922;;0
2923;;1
2924;;0
2925;;0
2926;;0
2927;;1
2928;;0
2929;;0
2930;;0
2931;;0
2932;;0
2933;;0
2934;;1
2935;;0
2936;;-1
2937;;-1
2938;;1
2939;;0
2940;;0
2941;;0
2942;;0
2943;;-1
2944;;0
2945;;-1
2946;;-1
2947;;0
2948;;0
2949;;1
2950;;0
2951;;0
2952;;0
2954;;0
2955;;1
2956;;0
2957;;0
2958;;0
2959;;-1
2960;;0
2961;;0
2962;;0
2963;;1
2964;;0
2965;;-1
2966;;0
2967;;1
2968;;0
2969;;-1
2970;;0
2971;;0
2972;;0
2973;;0
2974;;0
2975;;0
2976;;-1
2977;;0
2978;;0
2979;;0
2980;;0
2981;;0
2982;;0
2983;;0
2984;;1
2985;;-1
2986;;-1
2987;;0
2988;;0
2989;;1
2990;;-1
2991;;-1
2992;;0
2993;;0
2994;;0
2995;;1
2996;;0
2997;;0
2998;;-1
2999;;0
3000;;0
3001;;-1
3003;;-1
3005;;-1
3006;;1
3007;;0
3008;;-1
3009;;1
3010;;-1
3013;;1
3014;;1
3015;;1
3016;;0
3017;;-1
3018;;-1
3019;;0
3020;;1
3021;;-1
3022;;0
3023;;0
3024;;1
3025;;1
3026;;1
3028;;-1
3029;;1
3030;;1
3033;;1
3034;;1
3035;;1
3036;;1
3037;;0
3039;;0
3041;;-1
3042;;1
3044;;1
3045;;1
3046;;1
3048;;-1
3049;;1
3050;;-1
3051;;-1
3052;;-1
3053;;0
3055;;-1
3057;;-1
3058;;-1
3059;;-1
3061;;1
3063;;1
3064;;-1
3066;;1
3069;;1
3070;;-1
3071;;-1
3072;;0
3073;;-1
3074;;0
3075;;1
3077;;1
3078;;1
3079;;0
3081;;-1
3082;;0
3083;;0
3084;;-1
3086;;1
3087;;1
3089;;1
3090;;-1
3091;;-1
3093;;-1
3094;;-1
3096;;1
3097;;1
3100;;1
3102;;-1
3103;;1
3104;;-1
3105;;1
3106;;1
3107;;1
3108;;1
3109;;-1
3110;;-1
3111;;-1
3112;;1
3114;;-1
3116;;1
3117;;1
3119;;1
3120;;-1
3121;;-1
3122;;0
3123;;-1
3124;;-1
3125;;1
3126;;-1
3128;;-1
3129;;0
3131;;-1
3133;;-1
3134;;1
3136;;1
3137;;-1
3138;;1
3139;;-1
3141;;0
3142;;0
3144;;0
3145;;-1
3146;;1
3147;;0
3149;;1
3150;;-1
3151;;1
3152;;0
3154;;-1
3155;;-1
3156;;-1
3158;;0
3160;;1
3168;;1
3169;;1
3170;;1
3171;;0
3172;;0
3174;;1
3175;;1
3176;;-1
3178;;-1
3179;;-1
3181;;-1
3182;;1
3183;;1
3184;;1
3186;;-1
3188;;1
3189;;1
3190;;1
3191;;1
3192;;-1
3194;;-1
3195;;-1
3197;;-1
3198;;-1
3200;;-1
3201;;-1
3202;;-1
3203;;-1
3205;;-1
3206;;1
3207;;-1
3208;;1
3209;;-1
3210;;-1
3215;;1
3217;;0
3218;;-1
3219;;0
3220;;-1
3221;;1
3222;;0
3223;;-1
3224;;-1
3227;;-1
3228;;-1
3229;;1
3230;;-1
3231;;0
3232;;-1
3233;;-1
3236;;-1
3237;;1
3238;;0
3239;;0
3240;;-1
3241;;1
3242;;-1
3243;;1
3247;;0
3248;;0
3253;;1
3254;;1
3255;;-1
3257;;1
3259;;-1
3260;;0
3261;;0
3262;;0
3264;;0
3265;;0
3266;;1
3269;;-1
3271;;1
3272;;-1
3273;;1
3274;;1
3275;;1
3276;;1
3277;;1
3278;;1
3279;;-1
3281;;0
3284;;0
3285;;1
3286;;1
3287;;1
3288;;1
3289;;1
3291;;1
3292;;-1
3293;;0
3294;;1
3296;;-1
3297;;-1
3298;;-1
3299;;0
3300;;0
3301;;1
3302;;-1
3303;;-1
3304;;-1
3306;;-1
3308;;-1
3309;;1
3310;;-1
3313;;0
3315;;1
3316;;1
3317;;1
3318;;1
3321;;-1
3322;;-1
3323;;1
3325;;0
3327;;-1
3328;;1
3334;;1
3335;;-1
3337;;-1
3339;;-1
3340;;-1
3341;;-1
3343;;-1
3344;;-1
3345;;1
3346;;-1
3347;;1
3348;;-1
3349;;0
3350;;0
3352;;-1
3353;;0
3355;;-1
3356;;1
3357;;-1
3358;;-1
3360;;1
3366;;0
3367;;1
3369;;0
3370;;0
3371;;1
3373;;1
3375;;-1
3377;;1
3379;;1
3380;;-1
3381;;0
3385;;-1
3386;;0
3388;;-1
3389;;0
3390;;-1
3391;;-1
3392;;-1
3393;;1
3394;;0
3395;;-1
3396;;0
3397;;1
3398;;-1
3399;;0
3400;;-1
3401;;-1
3402;;-1
3403;;1
3405;;1
3406;;-1
3407;;-1
3408;;-1
3409;;-1
3410;;1
3411;;0
3412;;1
3413;;1
3414;;0
3415;;-1
3416;;0
3417;;0
3420;;-1
3421;;-1
3422;;-1
3423;;0
3424;;-1
3425;;1
3426;;0
3429;;1
3432;;-1
3433;;1
3435;;-1
3436;;-1
3439;;0
3440;;1
3442;;1
3443;;0
3444;;-1
3445;;-1
3448;;1
3449;;0
3450;;-1
3451;;0
3452;;-1
3453;;-1
3454;;0
3455;;-1
3456;;0
3457;;-1
3460;;1
3462;;1
3463;;0
3464;;1
3466;;-1
3467;;-1
3470;;1
3471;;0
3472;;1
3473;;-1
3474;;1
3475;;1
3476;;1
3477;;0
3478;;-1
3480;;1
3481;;1
3482;;-1
3483;;0
3484;;-1
3485;;0
3486;;-1
3487;;-1
3488;;0
3489;;-1
3493;;0
3494;;0
3495;;0
3496;;-1
3498;;0
3501;;0
3503;;-1
3504;;0
3505;;0
3506;;0
3507;;1
3508;;1
3511;;1
3512;;1
3515;;1
3516;;0
3517;;0
3518;;1
3519;;0
3520;;-1
3521;;-1
3523;;0
3524;;0
3527;;1
3528;;1
3529;;0
3530;;0
3531;;0
3533;;-1
3534;;1
3535;;1
3536;;1
3538;;-1
3539;;0
3540;;0
3541;;0
3542;;1
3543;;1
3544;;1
3545;;-1
3546;;1
3547;;1
3548;;0
3549;;1
3550;;1
3552;;-1
3554;;1
3555;;-1
3557;;0
3558;;1
3560;;0
3561;;-1
3562;;-1
3564;;0
3565;;0
3566;;0
3569;;1
3570;;0
3571;;1
3572;;1
3573;;-1
3574;;1
3575;;1
3576;;1
3577;;-1
3578;;-1
3579;;-1
3580;;1
3582;;0
3583;;0
3585;;1
3586;;1
3587;;1
3588;;-1
3589;;1
3590;;-1
3591;;-1
3592;;-1
3594;;1
3595;;0
3596;;1
3597;;1
3598;;-1
3599;;1
3600;;1
3697;;1
3699;;-1
3709;;-1
3710;;-1
3711;;0
3712;;-1
3715;;-1
3724;;-1
3725;;-1
3728;;0
3741;;0
3746;;1
3747;;0
3751;;1
3752;;1
3757;;1
3777;;0
3778;;-1
3785;;1
3788;;1
3789;;-1
3810;;-1
3811;;-1
3815;;0
3818;;1
3820;;-1
3831;;0
3834;;0
3838;;0
3848;;-1
3854;;-1
3855;;0
3856;;1
3857;;-1
3860;;0
3862;;-1
3864;;1
3865;;0
3866;;0
3867;;-1
3868;;0
3870;;0
3871;;0
3873;;0
3875;;-1
3876;;1
3878;;-1
3880;;-1
3881;;0
3882;;0
3883;;0
3885;;0
3886;;-1
3887;;0
3888;;0
3890;;0
3893;;0
3894;;-1
3895;;1
3896;;-1
3897;;0
3899;;1
3900;;-1
3902;;1
3903;;-1
3904;;-1
3905;;-1
3906;;0
3907;;-1
3908;;-1
3910;;0
3912;;-1
3913;;0
3915;;0
3916;;-1
3917;;-1
3918;;0
3919;;-1
3920;;-1
3921;;0
3923;;0
3924;;0
3926;;0
3927;;-1
3928;;0
3929;;0
3930;;1
3931;;-1
3932;;1
3933;;1
3934;;1
3935;;0
3936;;-1
3937;;1
3938;;0
3939;;1
3940;;0
3942;;0
3943;;1
3944;;0
3947;;0
3949;;-1
3951;;1
3952;;0
3953;;1
3954;;1
3955;;0
3956;;0
3958;;1
3961;;1
3962;;0
3963;;-1
3964;;0
3965;;0
3966;;1
3969;;-1
3970;;-1
3971;;0
3972;;-1
3973;;0
3974;;0
3975;;0
3977;;0
3978;;1
3979;;0
3981;;0
3982;;-1
3983;;-1
3986;;1
3987;;-1
3988;;0
3989;;1
3990;;-1
3991;;0
3992;;1
3993;;1
3995;;1
3996;;1
3997;;1
3998;;-1
3999;;0
4003;;1
4004;;1
4005;;1
4007;;-1
4008;;0
4009;;0
4010;;-1
4011;;1
4012;;0
4013;;-1
4014;;1
4015;;0
4016;;0
4018;;0
4020;;-1
4022;;0
4025;;0
4027;;-1
4028;;-1
4029;;1
4030;;-1
4031;;-1
4033;;1
4034;;1
4035;;-1
4037;;-1
4038;;-1
4040;;0
4041;;0
4042;;1
4043;;-1
4044;;0
4045;;0
4046;;0
4048;;-1
4053;;-1
4054;;-1
4055;;1
4058;;0
4060;;0
4063;;0
4064;;-1
4065;;0
4067;;0
4068;;-1
4070;;0
4072;;-1
4075;;-1
4076;;0
4079;;-1
4081;;0
4082;;1
4084;;-1
4085;;0
4086;;-1
4088;;0
4089;;-1
4090;;0
4091;;1
4093;;0
4094;;1
4095;;-1
4096;;-1
4097;;-1
4100;;1
4101;;0
4104;;0
4107;;1
4108;;0
4109;;0
4110;;0
4111;;0
4112;;0
4114;;-1
4120;;0
4121;;-1
4123;;1
4125;;0
4126;;-1
4129;;0
4132;;1
4133;;0
4134;;-1
4135;;1
4136;;0
4137;;-1
4140;;0
4141;;0
4142;;-1
4143;;0
4144;;0
4145;;1
4148;;-1
4150;;-1
4153;;-1
4154;;0
4156;;0
4159;;1
4161;;0
4162;;0
4164;;0
4165;;0
4166;;1
4169;;0
4171;;1
4172;;1
4174;;1
4175;;0
4176;;1
4177;;0
4179;;-1
4180;;-1
4182;;-1
4183;;-1
4184;;-1
4185;;1
4186;;0
4187;;0
4190;;0
4191;;-1
4193;;0
4194;;-1
4195;;-1
4197;;-1
4198;;-1
4199;;0
4200;;0
4202;;1
4203;;0
4204;;0
4205;;0
4206;;0
4208;;-1
4210;;-1
4212;;0
4213;;0
4214;;0
4215;;1
4216;;0
4217;;0
4218;;1
4219;;1
4220;;0
4221;;0
4222;;0
4223;;0
4224;;-1
4225;;1
4226;;-1
4228;;1
4229;;1
4230;;1
4231;;0
4233;;1
4234;;1
4235;;-1
4237;;1
4239;;-1
4240;;0
4242;;-1
4243;;1
4244;;-1
4245;;1
4246;;0
4248;;0
4249;;0
4250;;-1
4251;;-1
4253;;1
4255;;0
4256;;-1
4257;;-1
4258;;0
4260;;0
4261;;1
4262;;0
4266;;-1
4267;;0
4269;;1
4270;;0
4271;;1
4272;;0
4273;;-1
4274;;1
4275;;-1
4277;;0
4279;;1
4280;;1
4281;;-1
4282;;0
4283;;-1
4284;;1
4285;;0
4287;;1
4288;;0
4289;;1
4291;;-1
4293;;0
4294;;-1
4295;;1
4296;;0
4297;;-1
4298;;0
4299;;0
4300;;1
4302;;0
4303;;0
4304;;0
4305;;-1
4306;;0
4307;;-1
4308;;-1
4311;;0
4312;;1
4313;;0
4314;;0
4316;;0
4318;;0
4319;;0
4320;;1
4321;;0
4322;;0
4323;;0
4325;;0
4326;;0
4327;;0
4328;;1
4329;;1
4330;;0
4331;;1
4332;;0
4334;;0
4335;;1
4336;;-1
4338;;0
4339;;-1
4340;;0
4341;;0
4342;;0
4343;;1
4344;;1
4346;;1
4347;;1
4350;;-1
4353;;0
4354;;1
4355;;0
4357;;0
4358;;1
4359;;0
4360;;0
4361;;0
4362;;0
4363;;1
4366;;0
4367;;1
4368;;-1
4369;;0
4370;;0
4371;;-1
4374;;0
4377;;-1
4378;;0
4379;;-1
4380;;1
4381;;0
4382;;0
4383;;0
4384;;0
4385;;-1
4387;;0
4388;;0
4389;;-1
4390;;0
4391;;-1
4392;;0
4393;;-1
4396;;1
4397;;0
4398;;0
4399;;1
4400;;1
4402;;0
4404;;-1
4407;;1
4408;;0
4409;;-1
4410;;0
4411;;-1
4412;;1
4413;;-1
4414;;-1
4415;;0
4416;;0
4417;;-1
4418;;-1
4419;;1
4420;;0
4421;;1
4422;;-1
4426;;-1
4427;;0
4429;;-1
4430;;1
4431;;0
4432;;-1
4433;;-1
4434;;0
4437;;0
4438;;1
4440;;0
4441;;0
4443;;-1
4444;;-1
4445;;-1
4446;;0
4449;;-1
4450;;-1
4451;;1
4453;;0
4454;;0
4455;;-1
4459;;0
4460;;-1
4461;;-1
4462;;1
4463;;-1
4464;;0
4465;;0
4466;;-1
4467;;0
4468;;0
4469;;1
4470;;-1
4471;;0
4473;;-1
4474;;0
4476;;-1
4477;;1
4480;;0
4482;;-1
4484;;1
4485;;0
4486;;0
4487;;0
4490;;1
4491;;0
4492;;0
4493;;0
4494;;1
4495;;0
4496;;0
4497;;0
4498;;1
4499;;0
4501;;1
4502;;-1
4503;;0
4504;;1
4506;;0
4508;;0
4509;;-1
4510;;-1
4511;;-1
4512;;-1
4513;;0
4514;;0
4515;;0
4516;;0
4517;;-1
4518;;1
4519;;0
4520;;-1
4522;;-1
4523;;0
4524;;0
4525;;0
4526;;0
4527;;0
4528;;1
4529;;0
4530;;1
4531;;0
4532;;1
4533;;0
4536;;0
4537;;-1
4538;;-1
4539;;0
4541;;0
4543;;0
4544;;1
4545;;-1
4547;;-1
4548;;0
4549;;1
4551;;0
4552;;0
4553;;0
4554;;0
4555;;0
4556;;1
4557;;1
4558;;-1
4559;;0
4560;;0
4564;;0
4566;;1
4567;;0
4569;;0
4571;;1
4572;;0
4573;;0
4574;;0
4575;;1
4576;;0
4577;;0
4581;;0
4582;;-1
4584;;1
4585;;0
4586;;0
4587;;0
4589;;-1
4590;;0
4591;;1
4592;;0
4594;;1
4595;;0
4596;;-1
4597;;-1
4598;;0
4599;;-1
4600;;-1
4601;;1
4602;;0
4603;;1
4604;;0
4605;;1
4606;;0
4607;;1
4608;;0
4609;;0
4610;;-1
4611;;1
4612;;1
4613;;-1
4615;;1
4616;;1
4617;;-1
4618;;0
4619;;-1
4620;;0
4621;;0
4622;;1
4623;;0
4624;;0
4625;;0
4626;;1
4628;;0
4629;;1
4630;;1
4631;;0
4632;;0
4633;;0
4634;;0
4635;;0
4637;;1
4638;;1
4639;;0
4640;;0
4641;;-1
4642;;1
4644;;-1
4645;;-1
4647;;-1
4648;;0
4649;;0
4650;;-1
4651;;1
4652;;1
4654;;-1
4656;;1
4658;;0
4659;;0
4661;;-1
4662;;-1
4663;;0
4664;;1
4665;;-1
4666;;1
4667;;0
4671;;0
4672;;0
4673;;0
4675;;1
4676;;0
4677;;0
4678;;1
4681;;-1
4682;;-1
4683;;0
4684;;0
4687;;-1
4688;;1
4689;;-1
4691;;0
4692;;0
4694;;-1
4696;;-1
4698;;0
4699;;0
4700;;0
4701;;0
4702;;0
4703;;0
4704;;0
4705;;1
4706;;0
4707;;-1
4709;;1
4711;;0
4712;;1
4713;;-1
4714;;-1
4715;;0
4716;;0
4717;;0
4718;;0
4719;;0
4721;;1
4722;;0
4727;;-1
4730;;0
4732;;0
4734;;1
4735;;0
4736;;0
4737;;-1
4739;;0
4740;;0
4741;;0
4742;;0
4743;;1
4744;;-1
4745;;-1
4746;;1
4747;;-1
4748;;0
4749;;-1
4751;;0
4754;;-1
4756;;-1
4757;;1
4758;;0
4761;;0
4762;;1
4763;;-1
4764;;0
4765;;0
4767;;-1
4769;;-1
4770;;-1
4773;;-1
4774;;0
4775;;0
4776;;0
4777;;-1
4778;;0
4779;;1
4781;;0
4782;;0
4783;;0
4784;;0
4785;;-1
4786;;1
4787;;0
4792;;0
4793;;0
4795;;0
4796;;0
4797;;0
4798;;1
4800;;0
4801;;1
4802;;1
4803;;0
4804;;1
4805;;1
4806;;1
4808;;-1
4809;;1
4810;;-1
4811;;1
4812;;1
4813;;1
4815;;-1
4816;;-1
4817;;0
4818;;1
4819;;1
4820;;-1
4821;;1
4822;;1
4823;;1
4824;;1
4825;;1
4826;;1
4827;;0
4828;;0
4829;;-1
4830;;0
4831;;-1
4832;;1
4833;;1
4834;;1
4835;;1
4836;;1
4837;;0
4838;;0
4839;;1
4840;;0
4841;;0
4842;;1
4843;;1
4844;;1
4845;;-1
4846;;1
4847;;1
4848;;1
4849;;1
4850;;1
4851;;1
4852;;1
4853;;1
4854;;1
4855;;1
4856;;1
4857;;1
4858;;0
4859;;1
4861;;1
4862;;1
4863;;1
4864;;1
4865;;1
4866;;1
4867;;1
4868;;1
4869;;1
4870;;1
4871;;1
4872;;-1
4873;;1
4874;;1
4875;;1
4876;;1
4877;;1
4878;;0
4879;;-1
4880;;1
4881;;1
4882;;0
4883;;-1
4884;;1
4885;;1
4886;;-1
4887;;1
4888;;1
4889;;1
4890;;-1
4891;;0
4892;;0
4893;;1
4896;;-1
4897;;1
4899;;0
4900;;1
4901;;-1
4902;;-1
4903;;1
4904;;-1
4905;;1
4906;;1
4907;;0
4908;;1
4909;;1
4910;;0
4911;;1
4912;;1
4914;;-1
4915;;1
4916;;1
4917;;1
4919;;0
4920;;-1
4921;;1
4922;;1
4923;;0
4924;;-1
4925;;-1
4926;;-1
4927;;1
4928;;0
4929;;1
4930;;-1
4932;;-1
4934;;1
4935;;0
4936;;1
4937;;-1
4938;;1
4939;;1
4940;;-1
4941;;0
4942;;-1
4943;;1
4944;;0
4945;;1
4946;;0
4948;;1
4950;;1
4951;;1
4952;;1
4953;;-1
4954;;1
4955;;1
4956;;1
4958;;1
4959;;-1
4960;;1
4963;;1
4965;;1
4966;;1
4968;;1
4969;;-1
4970;;1
4971;;0
4972;;1
4973;;-1
4975;;1
4976;;0
4977;;1
4978;;1
4980;;1
4981;;1
4984;;0
4987;;1
4988;;-1
4989;;1
4990;;0
4991;;0
4992;;-1
4994;;1
4995;;1
4996;;1
4997;;1
4999;;1
5000;;1
5001;;1
5002;;1
5003;;1
5005;;0
5006;;1
5008;;1
5010;;1
5012;;1
5013;;1
5015;;1
5016;;1
5018;;1
5019;;1
5020;;-1
5021;;1
5022;;1
5023;;0
5024;;0
5026;;1
5028;;1
5029;;0
5030;;1
5031;;0
5032;;1
5034;;1
5035;;1
5037;;1
5038;;0
5039;;-1
5040;;-1
5041;;1
5042;;0
5043;;1
5044;;1
5045;;1
5046;;1
5047;;1
5048;;-1
5049;;-1
5050;;1
5053;;1
5054;;1
5055;;1
5056;;1
5057;;1
5058;;1
5059;;0
5061;;1
5063;;0
5064;;-1
5065;;-1
5066;;1
5067;;1
5068;;0
5069;;1
5070;;1
5071;;1
5072;;1
5073;;1
5074;;1
5077;;0
5078;;0
5080;;0
5082;;-1
5083;;0
5084;;-1
5085;;-1
5086;;0
5087;;0
5088;;1
5089;;1
5090;;0
5091;;1
5092;;1
5096;;-1
5097;;-1
5098;;1
5099;;1
5100;;1
5101;;-1
5102;;-1
5103;;1
5104;;1
5105;;1
5106;;0
5107;;0
5109;;-1
5110;;-1
5111;;1
5113;;1
5115;;1
5116;;1
5118;;1
5120;;-1
5121;;1
5124;;-1
5125;;1
5126;;-1
5127;;0
5128;;1
5129;;0
5130;;1
5131;;1
5132;;1
5133;;1
5136;;1
5138;;-1
5139;;1
5142;;1
5145;;1
5146;;-1
5147;;-1
5149;;1
5150;;-1
5152;;0
5153;;0
5156;;-1
5157;;1
5159;;0
5160;;1
5161;;1
5163;;-1
5164;;1
5165;;1
5166;;1
5167;;1
5168;;1
5170;;1
5171;;-1
5172;;1
5173;;-1
5174;;1
5176;;-1
5177;;0
5178;;-1
5179;;1
5180;;1
5181;;1
5182;;-1
5183;;-1
5184;;1
5186;;0
5187;;-1
5188;;1
5190;;0
5191;;1
5192;;1
5193;;1
5194;;-1
5195;;1
5197;;-1
5198;;0
5199;;0
5200;;0
5201;;1
5202;;0
5203;;0
5204;;1
5205;;1
5206;;1
5207;;1
5208;;0
5209;;1
5210;;1
5211;;-1
5212;;1
5213;;1
5216;;0
5217;;0
5218;;1
5219;;0
5220;;1
5221;;1
5222;;1
5223;;1
5225;;1
5226;;1
5227;;-1
5228;;1
5229;;0
5230;;0
5231;;1
5232;;1
5233;;0
5234;;0
5235;;1
5237;;0
5238;;1
5239;;0
5240;;0
5241;;-1
5242;;1
5244;;-1
5246;;1
5247;;0
5248;;-1
5250;;1
5251;;1
5252;;1
5253;;1
5254;;1
5255;;1
5256;;-1
5257;;0
5258;;1
5259;;-1
5260;;1
5261;;1
5262;;1
5263;;1
5265;;1
5267;;-1
5268;;0
5269;;0
5270;;0
5271;;0
5272;;-1
5273;;1
5274;;1
5275;;1
5276;;-1
5277;;1
5278;;1
5279;;-1
5280;;1
5281;;-1
5284;;1
5285;;1
5286;;-1
5289;;1
5290;;1
5291;;1
5293;;0
5294;;-1
5295;;-1
5296;;1
5299;;1
5301;;0
5302;;1
5303;;1
5304;;0
5305;;1
5306;;1
5308;;1
5309;;1
5310;;0
5311;;1
5312;;1
5314;;1
5315;;1
5316;;1
5317;;1
5319;;1
5320;;1
5321;;1
5323;;1
5324;;1
5325;;-1
5326;;1
5327;;1
5329;;-1
5330;;-1
5331;;1
5333;;1
5335;;1
5336;;1
5337;;1
5338;;1
5339;;1
5340;;-1
5341;;0
5342;;-1
5343;;-1
5344;;1
5345;;-1
5346;;0
5347;;1
5348;;0
5349;;1
5350;;-1
5352;;1
5353;;0
5354;;-1
5355;;1
5356;;1
5357;;-1
5358;;1
5359;;1
5360;;1
5362;;1
5363;;-1
5364;;-1
5365;;-1
5366;;1
5369;;1
5371;;1
5372;;1
5373;;1
5374;;0
5376;;-1
5378;;-1
5379;;1
5380;;0
5381;;0
5383;;-1
5384;;-1
5385;;-1
5387;;0
5388;;1
5389;;-1
5390;;0
5391;;1
5392;;1
5393;;1
5394;;0
5395;;-1
5397;;1
5398;;1
5399;;1
5400;;1
5401;;-1
5402;;0
5404;;-1
5405;;0
5406;;0
5407;;-1
5408;;1
5409;;1
5410;;0
5411;;-1
5412;;-1
5413;;-1
5414;;-1
5415;;-1
5416;;0
5417;;0
5418;;-1
5419;;0
5420;;-1
5421;;-1
5422;;0
5423;;1
5424;;1
5425;;-1
5426;;-1
5427;;-1
5428;;0
5430;;1
5431;;-1
5432;;-1
5433;;0
5434;;1
5435;;1
5436;;-1
5437;;-1
5438;;-1
5439;;-1
5440;;0
5441;;1
5442;;-1
5443;;0
5444;;-1
5445;;1
5446;;0
5447;;1
5448;;-1
5449;;0
5450;;-1
5451;;-1
5452;;-1
5453;;1
5454;;1
5455;;1
5456;;0
5457;;1
5458;;-1
5459;;0
5460;;0
5461;;1
5462;;-1
5463;;-1
5464;;-1
5465;;-1
5466;;-1
5467;;0
5468;;-1
5469;;-1
5470;;-1
5471;;0
5472;;1
5473;;-1
5474;;0
5475;;1
5476;;-1
5477;;0
5478;;-1
5479;;0
5480;;-1
5481;;-1
5482;;-1
5483;;-1
5484;;0
5485;;0
5486;;0
5487;;1
5488;;-1
5489;;0
5490;;1
5491;;0
5492;;1
5493;;-1
5494;;0
5495;;0
5496;;0
5497;;1
5498;;1
5499;;1
5500;;0
5501;;-1
5502;;-1
5503;;1
5504;;1
5505;;1
5506;;0
5507;;1
5508;;-1
5509;;1
5510;;-1
5511;;1
5512;;1
5513;;1
5514;;1
5515;;-1
5516;;1
5517;;1
5518;;1
5519;;-1
5520;;1
5521;;1
5522;;0
5523;;-1
5524;;0
5525;;1
5526;;1
5527;;0
5528;;1
5529;;1
5530;;-1
5531;;1
5532;;1
5533;;1
5534;;1
5536;;0
5537;;1
5538;;1
5539;;1
5540;;1
5541;;-1
5542;;1
5543;;0
5544;;0
5545;;1
5546;;1
5547;;1
5548;;1
5549;;1
5550;;1
5551;;1
5552;;1
5553;;1
5554;;1
5555;;0
5556;;1
5557;;1
5558;;1
5559;;1
5561;;0
5562;;1
5563;;1
5564;;0
5565;;1
5566;;1
5567;;1
5568;;1
5569;;1
5570;;1
5571;;0
5572;;1
5573;;0
5574;;1
5575;;0
5576;;0
5577;;1
5578;;0
5579;;-1
5580;;-1
5581;;0
5582;;1
5583;;1
5584;;0
5585;;1
5586;;1
5587;;1
5588;;-1
5589;;0
5590;;0
5591;;1
5592;;0
5593;;1
5594;;1
5595;;1
5596;;1
5597;;0
5598;;1
5599;;1
5600;;1
5601;;1
5602;;1
5603;;1
5604;;1
5605;;-1
5606;;1
5607;;0
5608;;1
5609;;1
5610;;-1
5611;;0
5612;;1
5613;;0
5614;;0
5615;;-1
5616;;1
5617;;1
5618;;1
5619;;0
5620;;0
5621;;1
5622;;-1
5623;;0
5624;;1
5625;;-1
5626;;1
5627;;-1
5628;;1
5629;;-1
5630;;1
5631;;1
5632;;1
5633;;-1
5634;;-1
5635;;1
5636;;1
5637;;1
5638;;1
5639;;1
5640;;1
5641;;0
5642;;-1
5643;;1
5644;;1
5645;;0
5646;;1
5647;;-1
5648;;-1
5649;;1
5650;;1
5651;;-1
5652;;1
5653;;0
5654;;-1
5655;;-1
5656;;-1
5657;;-1
5658;;1
5659;;-1
5660;;1
5661;;-1
5662;;0
5663;;-1
5664;;0
5665;;0
5666;;0
5667;;0
5668;;-1
5669;;-1
5670;;-1
5671;;1
5672;;1
5673;;1
5674;;1
5675;;1
5676;;0
5677;;1
5678;;0
5679;;0
5680;;-1
5681;;1
5682;;0
5683;;1
5684;;1
5685;;1
5686;;1
5687;;-1
5688;;0
5689;;1
5693;;1
5694;;0
5696;;-1
5697;;1
5698;;-1
5699;;1
5700;;1
5701;;1
5702;;1
5703;;1
5704;;1
5705;;0
5706;;1
5707;;1
5708;;1
5709;;-1
5710;;0
5711;;1
5712;;0
5713;;0
5714;;1
5715;;-1
5716;;1
5717;;1
5718;;1
5719;;1
5720;;1
5721;;-1
5722;;0
5723;;1
5724;;1
5725;;1
5726;;1
5727;;0
5728;;1
5729;;1
5731;;1
5732;;-1
5733;;1
5734;;-1
5735;;1
5736;;-1
5737;;1
5738;;1
5739;;1
5740;;1
5741;;-1
5742;;1
5743;;1
5744;;1
5745;;1
5746;;-1
5747;;0
5749;;0
5750;;1
5751;;1
5752;;1
5753;;1
5755;;1
5756;;-1
5757;;1
5759;;1
5760;;0
5761;;0
5762;;0
5763;;1
5764;;-1
5765;;0
5766;;1
5767;;1
5768;;1
5769;;-1
5770;;1
5771;;0
5772;;-1
5773;;1
5774;;-1
5775;;1
5776;;1
5777;;-1
5778;;1
5779;;1
5780;;-1
5782;;-1
5783;;-1
5784;;1
5785;;1
5786;;-1
5787;;1
5788;;-1
5789;;-1
5790;;-1
5791;;1
5792;;-1
5793;;1
5794;;1
5795;;1
5796;;1
5799;;-1
5800;;1
5801;;0
5802;;1
5803;;1
5804;;0
5805;;1
5806;;-1
5807;;1
5808;;1
5809;;1
5810;;0
5811;;-1
5812;;0
5813;;0
5814;;1
5815;;-1
5816;;1
5817;;-1
5818;;-1
5819;;1
5820;;0
5821;;-1
5822;;1
5823;;-1
5824;;-1
5825;;-1
5826;;-1
5828;;1
5829;;1
5830;;-1
5831;;-1
5832;;-1
5833;;-1
5834;;1
5836;;-1
5837;;0
5838;;0
5839;;0
5840;;1
5841;;-1
5842;;0
5843;;1
5844;;1
5845;;1
5846;;-1
5847;;1
5848;;-1
5849;;0
5850;;0
5851;;1
5852;;1
5853;;1
5854;;1
5855;;-1
5856;;1
5857;;0
5858;;1
5859;;1
5860;;0
5861;;1
5862;;1
5863;;0
5864;;1
5865;;1
5866;;1
5867;;1
5868;;-1
5869;;1
5870;;0
5871;;1
5872;;-1
5873;;0
5874;;-1
5875;;1
5876;;1
5877;;-1
5878;;1
5879;;-1
5880;;1
5881;;0
5882;;0
5883;;0
5884;;1
5885;;-1
5886;;1
5887;;-1
5888;;-1
5889;;1
5890;;0
5891;;-1
5892;;1
5893;;0
5894;;1
5895;;-1
5896;;-1
5897;;0
5898;;1
5899;;0
5900;;0
5901;;0
5902;;-1
5903;;0
5905;;1
5906;;-1
5907;;1
5909;;1
5910;;1
5911;;0
5912;;1
5913;;0
5914;;1
5915;;1
5916;;0
5918;;1
5919;;1
5920;;0
5921;;0
5922;;0
5923;;-1
5924;;1
5925;;-1
5926;;-1
5927;;1
5928;;1
5929;;0
5930;;0
5931;;1
5932;;-1
5933;;1
5934;;0
5935;;1
5936;;1
5937;;1
5938;;1
5939;;1
5940;;1
5941;;1
5942;;1
5943;;1
5944;;0
5945;;1
5946;;-1
5947;;1
5948;;1
5949;;0
5950;;-1
5951;;-1
5952;;-1
5953;;1
5954;;1
5955;;1
5956;;1
5958;;1
5959;;1
5960;;0
5961;;1
5962;;0
5963;;0
5964;;1
5966;;1
5967;;0
5968;;-1
5969;;-1
5970;;1
5971;;1
5972;;1
5973;;1
5974;;1
5975;;1
5976;;1
5978;;-1
5979;;-1
5980;;1
5981;;-1
5982;;-1
5983;;1
5984;;-1
5985;;0
5986;;-1
5987;;1
5988;;1
5989;;1
5990;;-1
5991;;0
5992;;-1
5993;;-1
5994;;-1
5995;;0
5996;;1
5997;;1
5998;;1
5999;;-1
6000;;-1
6002;;-1
6003;;0
6004;;1
6005;;0
6006;;0
6008;;-1
6009;;-1
6010;;-1
6012;;1
6013;;-1
6015;;-1
6016;;0
6017;;0
6018;;1
6019;;1
6020;;0
6021;;0
6022;;-1
6023;;0
6024;;-1
6025;;-1
6026;;1
6027;;-1
6028;;-1
6029;;0
6031;;-1
6032;;0
6033;;1
6035;;1
6036;;1
6037;;0
6038;;0
6039;;1
6040;;-1
6041;;0
6042;;0
6043;;-1
6044;;-1
6045;;1
6046;;1
6047;;-1
6048;;1
6049;;1
6050;;0
6051;;0
6053;;0
6054;;-1
6055;;-1
6056;;0
6057;;1
6058;;-1
6059;;-1
6060;;-1
6062;;1
6063;;0
6065;;0
6066;;-1
6067;;0
6068;;-1
6069;;0
6070;;0
6071;;1
6072;;0
6073;;-1
6074;;0
6075;;-1
6077;;0
6080;;0
6081;;-1
6082;;-1
6086;;-1
6088;;-1
6089;;0
6090;;0
6093;;0
6094;;0
6095;;-1
6097;;-1
6100;;0
6101;;-1
6103;;-1
6105;;0
6107;;-1
6108;;1
6109;;0
6110;;0
6111;;0
6112;;1
6113;;0
6114;;1
6120;;-1
6121;;-1
6122;;0
6123;;0
6124;;-1
6125;;0
6127;;-1
6128;;1
6129;;-1
6131;;0
6133;;0
6134;;1
6135;;-1
6138;;-1
6141;;0
6143;;1
6146;;0
6147;;-1
6148;;-1
6151;;0
6152;;0
6153;;0
6155;;-1
6156;;0
6159;;1
6160;;-1
6161;;-1
6162;;-1
6163;;-1
6164;;-1
6166;;0
6167;;0
6168;;-1
6169;;-1
6170;;-1
6171;;0
6172;;-1
6173;;0
6175;;-1
6177;;1
6178;;0
6181;;1
6183;;0
6184;;0
6186;;-1
6188;;0
6190;;1
6191;;-1
6194;;-1
6195;;0
6196;;-1
6198;;0
6201;;0
6202;;-1
6203;;0
6204;;-1
6205;;1
6206;;1
6208;;-1
6209;;0
6210;;0
6211;;0
6216;;-1
6217;;0
6218;;1
6221;;-1
6223;;-1
6224;;-1
6225;;0
6226;;-1
6227;;-1
6228;;-1
6229;;-1
6230;;1
6232;;0
6233;;-1
6234;;-1
6236;;-1
6237;;-1
6238;;1
6239;;-1
6240;;0
6241;;-1
6242;;0
6243;;0
6244;;1
6245;;0
6246;;-1
6248;;-1
6251;;0
6253;;0
6254;;1
6255;;-1
6257;;0
6259;;0
6260;;0
6261;;0
6263;;-1
6266;;1
6267;;-1
6268;;-1
6269;;0
6270;;-1
6273;;1
6275;;1
6276;;0
6277;;-1
6278;;-1
6279;;-1
6280;;-1
6281;;0
6282;;-1
6284;;0
6285;;0
6287;;1
6289;;0
6291;;0
6292;;0
6293;;0
6294;;0
6295;;0
6296;;0
6299;;-1
6301;;-1
6302;;-1
6304;;-1
6305;;0
6306;;0
6307;;-1
6309;;0
6310;;-1
6311;;1
6312;;0
6315;;0
6316;;-1
6318;;0
6319;;0
6320;;0
6322;;1
6323;;-1
6325;;0
6326;;0
6327;;0
6331;;0
6332;;0
6334;;0
6336;;-1
6337;;-1
6338;;1
6339;;0
6340;;0
6341;;-1
6342;;0
6343;;1
6344;;1
6346;;0
6347;;-1
6348;;0
6351;;0
6352;;0
6353;;0
6354;;1
6355;;0
6356;;-1
6357;;0
6358;;0
6359;;-1
6361;;0
6362;;0
6365;;0
6366;;0
6367;;0
6368;;0
6369;;-1
6371;;1
6372;;0
6373;;1
6374;;1
6375;;1
6376;;-1
6377;;0
6378;;0
6381;;-1
6382;;1
6383;;0
6386;;1
6387;;0
6389;;1
6390;;0
6391;;-1
6393;;0
6394;;0
6395;;0
6396;;-1
6398;;1
6399;;-1
6401;;0
6402;;0
6403;;1
6404;;-1
6405;;0
6406;;0
6407;;0
6408;;0
6409;;-1
6411;;-1
6412;;1
6413;;-1
6414;;0
6417;;1
6418;;-1
6419;;0
6423;;0
6425;;1
6428;;0
6429;;0
6431;;0
6432;;0
6433;;-1
6434;;0
6435;;0
6436;;1
6437;;0
6439;;0
6440;;0
6441;;0
6442;;0
6443;;-1
6445;;0
6446;;0
6447;;0
6449;;0
6450;;0
6451;;0
6453;;1
6454;;0
6456;;0
6458;;0
6459;;-1
6460;;1
6461;;-1
6463;;1
6464;;0
6466;;0
6469;;0
6470;;1
6471;;-1
6472;;1
6473;;0
6476;;0
6477;;0
6478;;0
6479;;-1
6480;;1
6481;;0
6483;;-1
6485;;-1
6486;;-1
6487;;0
6488;;0
6491;;0
6492;;1
6493;;1
6494;;1
6495;;0
6496;;0
6497;;1
6498;;1
6500;;1
6501;;0
6502;;-1
6503;;0
6504;;-1
6505;;-1
6506;;0
6507;;1
6508;;1
6509;;0
6511;;0
6512;;-1
6513;;0
6514;;1
6515;;-1
6516;;-1
6517;;0
6518;;-1
6520;;-1
6522;;-1
6523;;-1
6525;;-1
6526;;-1
6527;;1
6528;;-1
6529;;-1
6530;;0
6532;;1
6533;;0
6534;;0
6535;;1
6536;;0
6537;;1
6540;;-1
6541;;1
6542;;0
6543;;-1
6544;;-1
6546;;1
6547;;0
6548;;-1
6551;;1
6552;;0
6554;;0
6555;;0
6556;;-1
6558;;1
6559;;0
6560;;1
6561;;1
6563;;1
6564;;-1
6565;;-1
6566;;-1
6568;;-1
6569;;-1
6570;;-1
6574;;0
6575;;1
6576;;0
6578;;0
6579;;-1
6580;;0
6582;;-1
6583;;-1
6584;;-1
6585;;0
6586;;-1
6588;;0
6590;;1
6591;;0
6592;;-1
6594;;0
6595;;-1
6596;;0
6597;;0
6598;;-1
6599;;0
6602;;-1
6603;;0
6604;;-1
6606;;0
6607;;1
6609;;-1
6610;;0
6611;;0
6612;;-1
6614;;1
6615;;-1
6616;;-1
6618;;1
6620;;1
6622;;-1
6623;;0
6624;;0
6626;;1
6628;;1
6630;;0
6631;;1
6632;;-1
6633;;0
6638;;0
6639;;0
6640;;-1
6641;;1
6642;;1
6644;;-1
6645;;1
6648;;1
6649;;1
6650;;0
6652;;0
6653;;0
6654;;-1
6655;;1
6657;;-1
6660;;1
6662;;-1
6664;;1
6665;;-1
6666;;1
6668;;-1
6669;;1
6672;;1
6673;;0
6677;;1
6678;;-1
6679;;-1
6682;;-1
6685;;1
6689;;-1
6690;;1
6691;;0
6692;;-1
6693;;1
6694;;0
6697;;-1
6698;;1
6699;;0
6701;;1
6702;;1
6705;;1
6707;;-1
6712;;0
6713;;-1
6714;;-1
6715;;1
6716;;1
6717;;0
6718;;1
6719;;0
6720;;1
6721;;-1
6725;;-1
6729;;0
6730;;0
6735;;1
6736;;0
6737;;-1
6738;;-1
6739;;0
6741;;1
6742;;-1
6745;;1
6748;;0
6750;;-1
6751;;-1
6753;;1
6754;;0
6756;;-1
6757;;1
6758;;0
6759;;0
6760;;0
6761;;-1
6762;;0
6764;;-1
6765;;-1
6769;;0
6770;;0
6771;;0
6773;;-1
6774;;1
6775;;1
6777;;0
6778;;0
6779;;0
6780;;-1
6781;;0
6782;;0
6783;;1
6784;;-1
6785;;1
6786;;0
6787;;0
6788;;1
6790;;-1
6791;;-1
6792;;0
6793;;-1
6795;;0
6796;;0
6797;;0
6799;;1
6801;;0
6802;;0
6803;;-1
6805;;0
6811;;1
6812;;0
6813;;0
6814;;0
6815;;1
6816;;-1
6817;;0
6818;;1
6819;;0
6820;;-1
6822;;0
6823;;0
6825;;0
6826;;0
6827;;1
6828;;0
6830;;-1
6831;;0
6832;;-1
6834;;-1
6835;;1
6837;;0
6838;;1
6839;;1
6840;;0
6842;;-1
6846;;-1
6848;;0
6849;;0
6851;;-1
6854;;1
6855;;-1
6856;;-1
6859;;0
6863;;1
6865;;0
6866;;1
6867;;1
6868;;1
6869;;-1
6870;;-1
6871;;0
6872;;1
6874;;0
6875;;0
6877;;0
6878;;0
6879;;0
6880;;0
6884;;-1
6887;;1
6888;;-1
6889;;0
6890;;0
6892;;0
6894;;0
6895;;0
6896;;1
6897;;-1
6898;;-1
6899;;-1
6900;;1
6904;;-1
6907;;0
6908;;0
6909;;0
6910;;-1
6911;;1
6912;;1
6913;;0
6914;;1
6915;;0
6918;;0
6919;;0
6920;;0
6921;;1
6923;;0
6924;;1
6925;;1
6926;;0
6928;;1
6930;;1
6931;;0
6932;;-1
6933;;0
6934;;0
6935;;1
6936;;0
6939;;-1
6940;;-1
6941;;1
6943;;0
6945;;1
6946;;0
6947;;-1
6948;;1
6949;;0
6950;;0
6951;;0
6952;;0
6953;;1
6954;;1
6955;;-1
6959;;0
6965;;0
6966;;-1
6968;;1
6970;;-1
6972;;0
6973;;0
6974;;0
6975;;0
6977;;1
6978;;0
6981;;0
6982;;0
6986;;0
6987;;0
6988;;-1
6989;;1
6991;;-1
6992;;1
6993;;0
6994;;0
6997;;0
6998;;1
6999;;0
7001;;0
7003;;1
7004;;-1
7005;;1
7007;;1
7011;;1
7012;;1
7013;;-1
7014;;0
7016;;0
7018;;1
7019;;0
7020;;0
7021;;1
7022;;-1
7023;;0
7024;;1
7025;;1
7026;;1
7029;;1
7030;;0
7032;;0
7034;;1
7035;;0
7036;;1
7040;;-1
7041;;1
7042;;0
7043;;-1
7044;;1
7046;;1
7047;;-1
7049;;-1
7050;;1
7051;;0
7052;;0
7053;;0
7054;;-1
7055;;1
7056;;-1
7057;;0
7058;;0
7062;;-1
7063;;1
7064;;-1
7065;;0
7066;;-1
7067;;0
7068;;0
7070;;1
7071;;1
7072;;0
7073;;0
7074;;1
7075;;1
7076;;0
7077;;-1
7079;;-1
7080;;0
7081;;0
7082;;0
7083;;0
7084;;0
7089;;-1
7090;;1
7091;;0
7092;;0
7093;;-1
7098;;-1
7099;;0
7100;;1
7103;;1
7104;;0
7105;;-1
7107;;0
7108;;0
7111;;-1
7112;;1
7115;;-1
7116;;0
7119;;-1
7122;;-1
7123;;1
7124;;0
7125;;0
7126;;0
7128;;1
7129;;1
7130;;0
7135;;-1
7137;;0
7139;;0
7141;;0
7142;;0
7144;;1
7149;;-1
7150;;1
7152;;0
7153;;0
7154;;1
7156;;1
7157;;0
7158;;0
7161;;0
7163;;0
7169;;1
7171;;-1
7175;;1
7177;;0
7181;;-1
7183;;0
7184;;0
7186;;-1
7187;;-1
7189;;1
7190;;0
7191;;0
7193;;1
7194;;0
7195;;0
7196;;0
